0000000000010001
1110110000010000
0000000000000000
1111110111001000
1111110010100000
1110001100001000
0000000000010001
1110110000010000
0000000000000000
1111110111001000
1111110010100000
1110001100001000
0000000000000000
1111110010001000
1111110000100000
1111110000010000
1110101010001000
0000000000001101
1110001100001000
0000000000000000
1111110010001000
1111110000100000
1111110000010000
1110101010001000
0000000000001110
1110001100001000
0000000000001101
1111110000010000
0000000000001110
1111110000100000
1110000111010000
0000000000100011
1110001100000010
0000000000100110
1110101010000111
1110111010010000
0000000000100111
1110101010000111
1110101010010000
0000000000000000
1111110111001000
1111110010100000
1110001100001000
0000000000010001
1110110000010000
0000000000000000
1111110111001000
1111110010100000
1110001100001000
0000000000010000
1110110000010000
0000000000000000
1111110111001000
1111110010100000
1110001100001000
0000000000000000
1111110010001000
1111110000100000
1111110000010000
1110101010001000
0000000000001101
1110001100001000
0000000000000000
1111110010001000
1111110000100000
1111110000010000
1110101010001000
0000000000001110
1110001100001000
0000000000001101
1111110000010000
0000000000001110
1111110000100000
1110000111010000
0000000001001110
1110001100000010
0000000001010001
1110101010000111
1110111010010000
0000000001010010
1110101010000111
1110101010010000
0000000000000000
1111110111001000
1111110010100000
1110001100001000
0000000000010000
1110110000010000
0000000000000000
1111110111001000
1111110010100000
1110001100001000
0000000000010001
1110110000010000
0000000000000000
1111110111001000
1111110010100000
1110001100001000
0000000000000000
1111110010001000
1111110000100000
1111110000010000
1110101010001000
0000000000001101
1110001100001000
0000000000000000
1111110010001000
1111110000100000
1111110000010000
1110101010001000
0000000000001110
1110001100001000
0000000000001101
1111110000010000
0000000000001110
1111110000100000
1110000111010000
0000000001111001
1110001100000010
0000000001111100
1110101010000111
1110111010010000
0000000001111101
1110101010000111
1110101010010000
0000000000000000
1111110111001000
1111110010100000
1110001100001000
0000001101111100
1110110000010000
0000000000000000
1111110111001000
1111110010100000
1110001100001000
0000001101111011
1110110000010000
0000000000000000
1111110111001000
1111110010100000
1110001100001000
0000000000000000
1111110010001000
1111110000100000
1111110000010000
1110101010001000
0000000000001101
1110001100001000
0000000000000000
1111110010001000
1111110000100000
1111110000010000
1110101010001000
0000000000001110
1110001100001000
0000000000001101
1111110000010000
0000000000001110
1111110000100000
1110000111010000
0000000010100100
1110001100000100
0000000010100111
1110101010000111
1110111010010000
0000000010101000
1110101010000111
1110101010010000
0000000000000000
1111110111001000
1111110010100000
1110001100001000
0000001101111011
1110110000010000
0000000000000000
1111110111001000
1111110010100000
1110001100001000
0000001101111100
1110110000010000
0000000000000000
1111110111001000
1111110010100000
1110001100001000
0000000000000000
1111110010001000
1111110000100000
1111110000010000
1110101010001000
0000000000001101
1110001100001000
0000000000000000
1111110010001000
1111110000100000
1111110000010000
1110101010001000
0000000000001110
1110001100001000
0000000000001101
1111110000010000
0000000000001110
1111110000100000
1110000111010000
0000000011001111
1110001100000100
0000000011010010
1110101010000111
1110111010010000
0000000011010011
1110101010000111
1110101010010000
0000000000000000
1111110111001000
1111110010100000
1110001100001000
0000001101111011
1110110000010000
0000000000000000
1111110111001000
1111110010100000
1110001100001000
0000001101111011
1110110000010000
0000000000000000
1111110111001000
1111110010100000
1110001100001000
0000000000000000
1111110010001000
1111110000100000
1111110000010000
1110101010001000
0000000000001101
1110001100001000
0000000000000000
1111110010001000
1111110000100000
1111110000010000
1110101010001000
0000000000001110
1110001100001000
0000000000001101
1111110000010000
0000000000001110
1111110000100000
1110000111010000
0000000011111010
1110001100000100
0000000011111101
1110101010000111
1110111010010000
0000000011111110
1110101010000111
1110101010010000
0000000000000000
1111110111001000
1111110010100000
1110001100001000
0111111111111111
1110110000010000
0000000000000000
1111110111001000
1111110010100000
1110001100001000
0111111111111110
1110110000010000
0000000000000000
1111110111001000
1111110010100000
1110001100001000
0000000000000000
1111110010001000
1111110000100000
1111110000010000
1110101010001000
0000000000001101
1110001100001000
0000000000000000
1111110010001000
1111110000100000
1111110000010000
1110101010001000
0000000000001110
1110001100001000
0000000000001101
1111110000010000
0000000000001110
1111110000100000
1110000111010000
0000000100100101
1110001100000001
0000000100101000
1110101010000111
1110111010010000
0000000100101001
1110101010000111
1110101010010000
0000000000000000
1111110111001000
1111110010100000
1110001100001000
0111111111111110
1110110000010000
0000000000000000
1111110111001000
1111110010100000
1110001100001000
0111111111111111
1110110000010000
0000000000000000
1111110111001000
1111110010100000
1110001100001000
0000000000000000
1111110010001000
1111110000100000
1111110000010000
1110101010001000
0000000000001101
1110001100001000
0000000000000000
1111110010001000
1111110000100000
1111110000010000
1110101010001000
0000000000001110
1110001100001000
0000000000001101
1111110000010000
0000000000001110
1111110000100000
1110000111010000
0000000101010000
1110001100000001
0000000101010011
1110101010000111
1110111010010000
0000000101010100
1110101010000111
1110101010010000
0000000000000000
1111110111001000
1111110010100000
1110001100001000
0111111111111110
1110110000010000
0000000000000000
1111110111001000
1111110010100000
1110001100001000
0111111111111110
1110110000010000
0000000000000000
1111110111001000
1111110010100000
1110001100001000
0000000000000000
1111110010001000
1111110000100000
1111110000010000
1110101010001000
0000000000001101
1110001100001000
0000000000000000
1111110010001000
1111110000100000
1111110000010000
1110101010001000
0000000000001110
1110001100001000
0000000000001101
1111110000010000
0000000000001110
1111110000100000
1110000111010000
0000000101111011
1110001100000001
0000000101111110
1110101010000111
1110111010010000
0000000101111111
1110101010000111
1110101010010000
0000000000000000
1111110111001000
1111110010100000
1110001100001000
0000000000111001
1110110000010000
0000000000000000
1111110111001000
1111110010100000
1110001100001000
0000000000011111
1110110000010000
0000000000000000
1111110111001000
1111110010100000
1110001100001000
0000000000110101
1110110000010000
0000000000000000
1111110111001000
1111110010100000
1110001100001000
0000000000000000
1111110010001000
1111110000100000
1111110000010000
1110101010001000
0000000000001101
1110001100001000
0000000000000000
1111110010001000
1111110000100000
1111110000010000
1110101010001000
0000000000001110
1110001100001000
0000000000001101
1111110000010000
0000000000001110
1111110000100000
1110000010010000
0000000000000000
1111110111001000
1111110010100000
1110001100001000
0000000001110000
1110110000010000
0000000000000000
1111110111001000
1111110010100000
1110001100001000
0000000000000000
1111110010001000
1111110000100000
1111110000010000
1110101010001000
0000000000001101
1110001100001000
0000000000000000
1111110010001000
1111110000100000
1111110000010000
1110101010001000
0000000000001110
1110001100001000
0000000000001101
1111110000010000
0000000000001110
1111110000100000
1110000111010000
0000000000000000
1111110111001000
1111110010100000
1110001100001000
0000000000000000
1111110010001000
1111110000100000
1111110000010000
1110101010001000
0000000000001101
1110001100001000
0000000000001101
1111110000010000
1110001111010000
0000000000000000
1111110111001000
1111110010100000
1110001100001000
0000000000000000
1111110010001000
1111110000100000
1111110000010000
1110101010001000
0000000000001101
1110001100001000
0000000000000000
1111110010001000
1111110000100000
1111110000010000
1110101010001000
0000000000001110
1110001100001000
0000000000001101
1111110000010000
0000000000001110
1111110000100000
1110000000010000
0000000000000000
1111110111001000
1111110010100000
1110001100001000
0000000001010010
1110110000010000
0000000000000000
1111110111001000
1111110010100000
1110001100001000
0000000000000000
1111110010001000
1111110000100000
1111110000010000
1110101010001000
0000000000001101
1110001100001000
0000000000000000
1111110010001000
1111110000100000
1111110000010000
1110101010001000
0000000000001110
1110001100001000
0000000000001101
1111110000010000
0000000000001110
1111110000100000
1110010101010000
0000000000000000
1111110111001000
1111110010100000
1110001100001000
0000000000000000
1111110010001000
1111110000100000
1111110000010000
1110101010001000
0000000000001101
1110001100001000
0000000000001101
1111110000010000
1110001101010000
0000000000000000
1111110111001000
1111110010100000
1110001100001000
